9791509980
9791509900
9791509970
9791509950
6367890656
7344770894
7987743689
8940576310
8667490159
9952796500
9629663045
8794574257
9344278106
7826828399
6543073779
7942273784
9876543210
9791509980
9791509900
9791509970
9791509950
6367890656
7344770894
7987743689
8940576310
8667490159
9952796500
9629663045
8794574257
9344278106
7826828399
6543073779
7942273784
9876543210
9791509980
9791509900
9791509970
9791509950
6367890656
7344770894
7987743689
8940576310
8667490159
9952796500
9629663045
8794574257
9344278106
7826828399
6543073779
7942273784
